50
20001
1636 485
14495 16326
18715 19248
4810 5421
378 322
15296 15795
18059 18043
2238 2845
6150 4955
7276 9252
2606 1009
5549 5901
2123 1122
1 1094
20045 18738
8418 8574
6579 5715
17120 18882
12313 11367
18773 19984
13058 13299
8125 9433
14027 15682
8261 10072
19240 17874
978 138
15600 13856
8396 7145
19533 17995
10677 11529
14508 16199
2890 3277
1 97
19038 19719
15002 15242
15066 16107
276 1122
2604 1070
15414 16098
13294 13600
14854 16645
6445 7267
2093 1972
8316 9895
3523 3213
19320 19748
8566 9487
12274 11923
15284 17029
6749 5674