50
20001
15094 485
4506 16326
14416 19248
992 5421
6649 322
9237 15795
16457 18043
7815 2845
19446 4955
3422 9252
8791 1009
9359 5901
5667 1122
11598 1094
2007 18738
544 8574
5334 5715
2766 18882
13994 11367
19893 19984
2633 13299
7131 9433
5428 15682
16700 10072
10617 17874
15874 138
17720 13856
14419 7145
9794 17995
8196 11529
15997 16199
3116 3277
15908 97
15539 19719
5707 15242
18569 16107
5537 1122
10931 1070
15726 16098
15487 13600
19772 16645
7513 7267
12081 1972
9943 9895
8058 3213
4303 19748
13764 9487
6536 11923
10724 17029
3789 5674